- parameters:
    - Unfolding bin 1
    - Unfolding bin 2
    - Unfolding bin 3
    - Unfolding bin 4
    - Unfolding bin 5
    - Unfolding bin 6
- covariance_rows:
    - [7.89e-03, -2.70e-04, 7.37e-06, -2.56e-07, 4.27e-09, -1.54e-08]
    - [-2.70e-04, 2.43e-03, -8.97e-05, 8.79e-07, -2.65e-08, -1.42e-09]
    - [7.37e-06, -8.97e-05, 8.22e-04, -1.04e-05, 8.19e-08, -6.68e-10]
    - [-2.56e-07, 8.79e-07, -1.04e-05, 8.14e-05, -1.01e-06, 1.18e-08]
    - [4.27e-09, -2.65e-08, 8.19e-08, -1.01e-06, 1.81e-05, -2.92e-07]
    - [-1.54e-08, -1.42e-09, -6.68e-10, 1.18e-08, -2.92e-07, 4.74e-06]