- parameters:
    - Unfolding bin 1
    - Unfolding bin 2
    - Unfolding bin 3
    - Unfolding bin 4
    - Unfolding bin 5
    - Unfolding bin 6
- covariance_rows:
    - [7.77e-03, -2.72e-04, 7.42e-06, -2.28e-07, 4.87e-09, -7.86e-09]
    - [-2.72e-04, 2.42e-03, -8.96e-05, 8.76e-07, -2.56e-08, 2.23e-09]
    - [7.42e-06, -8.96e-05, 8.25e-04, -1.07e-05, 8.48e-08, -9.78e-10]
    - [-2.28e-07, 8.76e-07, -1.07e-05, 8.23e-05, -1.02e-06, 1.23e-08]
    - [4.87e-09, -2.56e-08, 8.48e-08, -1.02e-06, 1.82e-05, -2.90e-07]
    - [-7.86e-09, 2.23e-09, -9.78e-10, 1.23e-08, -2.90e-07, 4.74e-06]