- parameters:
    - Unfolding bin 1
    - Unfolding bin 2
    - Unfolding bin 3
    - Unfolding bin 4
    - Unfolding bin 5
    - Unfolding bin 6
    - Unfolding bin 7
    - Unfolding bin 8
    - Unfolding bin 9
    - Unfolding bin 10
    - Unfolding bin 11
- covariance_rows:
    - [3.68e+06, 5.24e+05, 2.38e+06, 2.33e+06, -1.82e+05, 1.21e+06, 8.91e+05, 7.01e+05, 6.15e+05, 6.30e+05, 2.33e+05]
    - [5.24e+05, 8.43e+06, -8.33e+06, 1.35e+07, -9.32e+06, 7.03e+06, -1.71e+06, 1.87e+06, 1.09e+05, 8.42e+05, 2.27e+05]
    - [2.38e+06, -8.33e+06, 1.25e+07, -1.48e+07, 1.25e+07, -8.34e+06, 3.58e+06, -1.79e+06, 6.56e+05, -3.90e+05, -3.29e+04]
    - [2.33e+06, 1.35e+07, -1.48e+07, 2.69e+07, -2.04e+07, 1.57e+07, -4.48e+06, 4.11e+06, -7.36e+04, 1.68e+06, 4.30e+05]
    - [-1.82e+05, -9.32e+06, 1.25e+07, -2.04e+07, 1.79e+07, -1.35e+07, 5.13e+06, -3.31e+06, 6.65e+05, -1.02e+06, -1.97e+05]
    - [1.21e+06, 7.03e+06, -8.34e+06, 1.57e+07, -1.35e+07, 1.09e+07, -3.96e+06, 2.87e+06, -4.04e+05, 9.85e+05, 2.14e+05]
    - [8.91e+05, -1.71e+06, 3.58e+06, -4.48e+06, 5.13e+06, -3.96e+06, 2.29e+06, -9.71e+05, 5.46e+05, -1.16e+05, 2.88e+04]
    - [7.01e+05, 1.87e+06, -1.79e+06, 4.11e+06, -3.31e+06, 2.87e+06, -9.71e+05, 9.35e+05, -1.11e+05, 3.53e+05, 7.94e+04]
    - [6.15e+05, 1.09e+05, 6.56e+05, -7.36e+04, 6.65e+05, -4.04e+05, 5.46e+05, -1.11e+05, 2.76e+05, 5.00e+04, 4.55e+04]
    - [6.30e+05, 8.42e+05, -3.90e+05, 1.68e+06, -1.02e+06, 9.85e+05, -1.16e+05, 3.53e+05, 5.00e+04, 2.31e+05, 5.37e+04]
    - [2.33e+05, 2.27e+05, -3.29e+04, 4.30e+05, -1.97e+05, 2.14e+05, 2.88e+04, 7.94e+04, 4.55e+04, 5.37e+04, 3.22e+04]