Yields in bins for unfolded data
Bin number nominal Up uncertainty Down uncertainty
1 9276.0362 1917.7013 -1917.7013
2 4527.1995 2902.6802 -2902.6802
3 11157.1374 3534.7410 -3534.7410
4 -2458.3700 5188.9990 -5188.9990
5 9770.2089 4230.4852 -4230.4852
6 -1374.4188 3307.3127 -3307.3127
7 6012.3011 1511.9468 -1511.9468
8 2246.6729 966.7582 -966.7582
9 1348.8001 525.4274 -525.4274
10 3089.4640 480.6773 -480.6773
11 664.6525 179.4144 -179.4144


 Correlations 
1.0000 0.0941 0.3517 0.2337 -0.0224 0.1914 0.3072 0.3783 0.6101 0.6840 0.6771 
0.0941 1.0000 -0.8121 0.8979 -0.7588 0.7324 -0.3890 0.6678 0.0712 0.6033 0.4354 
0.3517 -0.8121 1.0000 -0.8075 0.8393 -0.7138 0.6705 -0.5244 0.3534 -0.2296 -0.0519 
0.2337 0.8979 -0.8075 1.0000 -0.9307 0.9133 -0.5709 0.8194 -0.0270 0.6731 0.4614 
-0.0224 -0.7588 0.8393 -0.9307 1.0000 -0.9663 0.8026 -0.8095 0.2992 -0.5029 -0.2601 
0.1914 0.7324 -0.7138 0.9133 -0.9663 1.0000 -0.7910 0.8985 -0.2323 0.6193 0.3600 
0.3072 -0.3890 0.6705 -0.5709 0.8026 -0.7910 1.0000 -0.6645 0.6868 -0.1592 0.1060 
0.3783 0.6678 -0.5244 0.8194 -0.8095 0.8985 -0.6645 1.0000 -0.2179 0.7597 0.4577 
0.6101 0.0712 0.3534 -0.0270 0.2992 -0.2323 0.6868 -0.2179 1.0000 0.1981 0.4822 
0.6840 0.6033 -0.2296 0.6731 -0.5029 0.6193 -0.1592 0.7597 0.1981 1.0000 0.6229 
0.6771 0.4354 -0.0519 0.4614 -0.2601 0.3600 0.1060 0.4577 0.4822 0.6229 1.0000 
